0
0
0
0
0
0
0
0
0
0
0
0
0
0
0
0
0
0
0
0
0
0
0
0
0
0
0
0
0
0
0
0
0
0
0
0
0
0
0
0
0
0
0
0
0
0
0
0
0
0
0
0
0
0
0
0
0
0
0
0
0
0
0
0
0
0
0
0
0
0
0
0
0
0
0
0
0
0
0
0
0
0
0
0
0
0
0
0
0
0
0
0
0
0
0
0
0
0
0
0
0
0
0
0
0
0
0
0
0
0
0
0
0
0
0
0
0
0
0
0
0
0
0
0
0
0
2
2
1
1
1
2
2
2
0
4
5
0
0
0
0
0
0
0
0
0
2
1
1
0
1
1
2
2
0
7
6
0
0
0
0
0
0
0
0
0
2
1
1
1
0
1
2
2
0
0
0
0
0
0
0
0
0
0
0
1
1
1
1
0
1
1
2
2
9
10
0
18
19
0
0
0
0
0
1
1
2
0
1
1
1
1
1
2
8
11
0
17
16
0
0
0
0
0
1
0
2
1
1
1
1
2
1
2
0
0
0
0
0
0
0
0
0
0
0
1
1
1
1
0
0
1
1
2
0
0
0
0
0
0
0
0
0
0
0
0
2
2
3
1
1
1
2
2
0
0
0
0
0
0
0
0
0
0
0
0
0
0
0
0
0
0
0
0
0
0
0
0
0
0
0
0
0
0
0
0
0
0
0
0
0
0
0
0
0
0
0
0
0
0
0
0
0
0
0
0
0
0
0
0
0
0
0
0
0
0
0
0
0
0
0
0
0
0
0
0
0
0
0
0
0
0
0
0
0
0
0
0
0
0
0
0
0
0
0
0
0
0
0
0
0
0
0
0
0
0
0
0
0
0
0
0
0
0
0
0
0
0
0
0
0
0
0
0
0
0
0
0
0
0
